0 13 3 4 6 6 6 8 8 10 8 9 9 8 7 6 8 4 3 10 7 5 8 5 5
13 0 11 10 11 8 9 5 7 11 5 9 10 11 12 7 12 11 10 17 8 10 13 8 10
3 11 0 7 4 9 5 7 5 9 6 8 8 9 5 7 10 6 6 10 6 4 6 6 7
4 10 7 0 7 2 10 9 10 14 12 9 13 6 8 10 12 8 7 13 11 9 5 9 9
6 11 4 7 0 8 6 10 9 7 7 6 6 6 1 8 6 2 9 6 4 6 2 7 6
6 8 9 2 8 0 12 7 9 12 12 7 11 8 9 12 13 10 9 14 9 11 6 11 11
6 9 5 10 6 12 0 9 8 6 4 5 5 10 5 2 5 6 9 12 3 1 8 1 3
8 5 7 9 10 7 9 0 2 9 9 4 8 6 11 11 12 9 5 15 6 8 12 10 8
8 7 5 10 9 9 8 2 0 8 8 3 7 4 10 10 11 8 7 14 5 7 11 9 7
10 11 9 14 7 12 6 9 8 0 6 5 1 10 8 8 9 6 13 12 3 5 9 7 5
8 5 6 12 7 12 4 9 8 6 0 5 5 10 8 2 7 6 11 12 3 5 9 3 5
9 9 8 9 6 7 5 4 3 5 5 0 4 7 7 7 8 5 9 11 2 4 8 6 4
9 10 8 13 6 11 5 8 7 1 5 4 0 9 7 7 8 5 12 11 2 4 8 6 4
8 11 9 6 6 8 10 6 4 10 10 7 9 0 7 11 8 4 11 10 7 9 8 10 9
7 12 5 8 1 9 5 11 10 8 8 7 7 7 0 7 7 3 10 7 5 6 3 6 7
6 7 7 10 8 12 2 11 10 8 2 7 7 11 7 0 5 8 9 14 5 3 9 1 3
8 12 10 12 6 13 5 12 11 9 7 8 8 8 7 5 0 4 11 10 6 6 8 4 4
4 11 6 8 2 10 6 9 8 6 6 5 5 4 3 8 4 0 7 6 3 5 4 7 5
3 10 6 7 9 9 9 5 7 13 11 9 12 11 10 9 11 7 0 11 10 8 11 8 8
10 17 10 13 6 14 12 15 14 12 12 11 11 10 7 14 10 6 11 0 9 11 8 13 11
7 8 6 11 4 9 3 6 5 3 3 2 2 7 5 5 6 3 10 9 0 2 6 4 2
5 10 4 9 6 11 1 8 7 5 5 4 4 9 6 3 6 5 8 11 2 0 8 2 3
8 13 6 5 2 6 8 12 11 9 9 8 8 8 3 9 8 4 11 8 6 8 0 8 8
5 8 6 9 7 11 1 10 9 7 3 6 6 10 6 1 4 7 8 13 4 2 8 0 2
5 10 7 9 6 11 3 8 7 5 5 4 4 9 7 3 4 5 8 11 2 3 8 2 0
